Offset=0x01F3D84C SMB_CMD=0x25 Bytes=FF 53 4D 42 25 00 00 00 00 00 00 00 00 00 00 00 00 00 00 00 00 00 00 00 00 00 00 00 00 00 00 00 11 00 00 06 00 00 00 00 00 00 00 00 00 E8 03 00 00 00 00 00 00 00 00 06 00 56 00 03 00 01 00 01
Offset=0x0212D67C SMB_CMD=0x25 Bytes=FF 53 4D 42 25 00 00 00 00 00 00 00 00 00 00 00 00 00 00 00 00 00 00 00 00 00 00 00 00 00 00 00 11 00 00 12 00 00 00 00 00 00 00 00 00 E8 03 00 00 00 00 00 00 00 00 12 00 56 00 03 00 01 00 01
Offset=0x0212DC7C SMB_CMD=0x25 Bytes=FF 53 4D 42 25 00 00 00 00 00 00 00 00 00 00 00 00 00 00 00 00 00 00 00 00 00 00 00 00 00 00 00 11 00 00 21 00 00 00 00 00 00 00 00 00 E8 03 00 00 00 00 00 00 00 00 21 00 56 00 03 00 01 00 00
Offset=0x0212E27C SMB_CMD=0x25 Bytes=FF 53 4D 42 25 00 00 00 00 00 00 00 00 00 00 00 00 00 00 00 00 00 00 00 00 00 00 00 00 00 00 00 11 00 00 12 00 00 00 00 00 00 00 00 00 E8 03 00 00 00 00 00 00 00 00 12 00 56 00 03 00 01 00 01
Offset=0x0212E87C SMB_CMD=0x25 Bytes=FF 53 4D 42 25 00 00 00 00 00 00 00 00 00 00 00 00 00 00 00 00 00 00 00 00 00 00 00 00 00 00 00 11 00 00 12 00 00 00 00 00 00 00 00 00 E8 03 00 00 00 00 00 00 00 00 12 00 56 00 03 00 01 00 01
Offset=0x0212EE7C SMB_CMD=0x25 Bytes=FF 53 4D 42 25 00 00 00 00 00 00 00 00 00 00 00 00 00 00 00 00 00 00 00 00 00 00 00 00 00 00 00 11 00 00 12 00 00 00 00 00 00 00 00 00 E8 03 00 00 00 00 00 00 00 00 12 00 56 00 03 00 01 00 01
Offset=0x0212F47C SMB_CMD=0x25 Bytes=FF 53 4D 42 25 00 00 00 00 00 00 00 00 00 00 00 00 00 00 00 00 00 00 00 00 00 00 00 00 00 00 00 11 00 00 1E 00 00 00 00 00 00 00 00 00 E8 03 00 00 00 00 00 00 00 00 1E 00 56 00 03 00 01 00 01
Offset=0x0212FA7C SMB_CMD=0x25 Bytes=FF 53 4D 42 25 00 00 00 00 00 00 00 00 00 00 00 00 00 00 00 00 00 00 00 00 00 00 00 00 00 00 00 11 00 00 1E 00 00 00 00 00 00 00 00 00 E8 03 00 00 00 00 00 00 00 00 1E 00 56 00 03 00 01 00 01
Offset=0x0213007C SMB_CMD=0x25 Bytes=FF 53 4D 42 25 00 00 00 00 00 00 00 00 00 00 00 00 00 00 00 00 00 00 00 00 00 00 00 00 00 00 00 11 00 00 1E 00 00 00 00 00 00 00 00 00 E8 03 00 00 00 00 00 00 00 00 1E 00 56 00 03 00 01 00 01
Offset=0x0213067C SMB_CMD=0x25 Bytes=FF 53 4D 42 25 00 00 00 00 00 00 00 00 00 00 00 00 00 00 00 00 00 00 00 00 00 00 00 00 00 00 00 11 00 00 1E 00 00 00 00 00 00 00 00 00 E8 03 00 00 00 00 00 00 00 00 1E 00 56 00 03 00 01 00 01
Offset=0x02133C7C SMB_CMD=0x25 Bytes=FF 53 4D 42 25 00 00 00 00 00 00 00 00 00 00 00 00 00 00 00 00 00 00 00 00 00 00 00 00 00 00 00 11 00 00 12 00 00 00 00 00 00 00 00 00 E8 03 00 00 00 00 00 00 00 00 12 00 56 00 03 00 01 00 01
Offset=0x0213427C SMB_CMD=0x25 Bytes=FF 53 4D 42 25 00 00 00 00 00 00 00 00 00 00 00 00 00 00 00 00 00 00 00 00 00 00 00 00 00 00 00 11 00 00 12 00 00 00 00 00 00 00 00 00 E8 03 00 00 00 00 00 00 00 00 12 00 56 00 03 00 01 00 01
Offset=0x0213487C SMB_CMD=0x25 Bytes=FF 53 4D 42 25 00 00 00 00 00 00 00 00 00 00 00 00 00 00 00 00 00 00 00 00 00 00 00 00 00 00 00 11 00 00 30 00 00 00 00 00 00 00 00 00 E8 03 00 00 00 00 00 00 00 00 30 00 56 00 03 00 01 00 01
Offset=0x02134E7C SMB_CMD=0x25 Bytes=FF 53 4D 42 25 00 00 00 00 00 00 00 00 00 00 00 00 00 00 00 00 00 00 00 00 00 00 00 00 00 00 00 11 00 00 21 00 00 00 00 00 00 00 00 00 E8 03 00 00 00 00 00 00 00 00 21 00 56 00 03 00 01 00 00
Offset=0x0213547C SMB_CMD=0x25 Bytes=FF 53 4D 42 25 00 00 00 00 00 00 00 00 00 00 00 00 00 00 00 00 00 00 00 00 00 00 00 00 00 00 00 11 00 00 30 00 00 00 00 00 00 00 00 00 E8 03 00 00 00 00 00 00 00 00 30 00 56 00 03 00 01 00 01
Offset=0x02135A7C SMB_CMD=0x25 Bytes=FF 53 4D 42 25 00 00 00 00 00 00 00 00 00 00 00 00 00 00 00 00 00 00 00 00 00 00 00 00 00 00 00 11 00 00 06 00 00 00 00 00 00 00 00 00 E8 03 00 00 00 00 00 00 00 00 06 00 56 00 03 00 01 00 01
Offset=0x0213727C SMB_CMD=0x25 Bytes=FF 53 4D 42 25 00 00 00 00 00 00 00 00 00 00 00 00 00 00 00 00 00 00 00 00 00 00 00 00 00 00 00 11 00 00 30 00 00 00 00 00 00 00 00 00 E8 03 00 00 00 00 00 00 00 00 30 00 56 00 03 00 01 00 01
Offset=0x0213787C SMB_CMD=0x25 Bytes=FF 53 4D 42 25 00 00 00 00 00 00 00 00 00 00 00 00 00 00 00 00 00 00 00 00 00 00 00 00 00 00 00 11 00 00 21 00 00 00 00 00 00 00 00 00 E8 03 00 00 00 00 00 00 00 00 21 00 56 00 03 00 01 00 00
Offset=0x021D6810 SMB_CMD=0x2B Bytes=FF 53 4D 42 2B 00 00 00 00 18 43 C0 00 00 00 00 00 00 00 00 00 00 00 00 FF FF FF FE 00 00 00 00 01 01 00 0C 00 4A 6C 4A 6D 49 68 43 6C 42 73 72 00 00 00 00 00 00 00 00 08 00 01 00 20 E0 16 82
Offset=0x02216C44 SMB_CMD=0x25 Bytes=FF 53 4D 42 25 00 00 00 00 00 00 00 00 00 00 00 00 00 00 00 00 00 00 00 00 00 00 00 00 00 00 00 11 00 00 30 00 00 00 00 00 00 00 00 00 E8 03 00 00 00 00 00 00 00 00 30 00 56 00 03 00 01 00 01
Offset=0x022636D2 SMB_CMD=0x25 Bytes=FF 53 4D 42 25 00 00 00 00 00 00 00 00 00 00 00 00 00 00 00 00 00 00 00 00 00 00 00 00 00 00 00 11 00 00 16 00 00 00 00 00 00 00 00 00 E8 03 00 00 00 00 00 00 00 00 16 00 56 00 03 00 01 00 01
Offset=0x067BDC83 SMB_CMD=0xC6 Bytes=FF 53 4D 42 C6 46 09 18 66 C7 46 0A 03 C8 66 C7 46 1A FF FE 8B 45 FC 66 8B 40 44 66 83 66 18 00 66 83 66 07 00 66 89 46 1C C6 46 05 00 C6 46 06 00 C6 46 04 73 80 3D F4 61 02 F8 00 8D 5E 20 74
Offset=0x067F4090 SMB_CMD=0xC6 Bytes=FF 53 4D 42 C6 46 09 18 66 C7 46 1A FF FE 66 89 4E 1C 66 89 4E 18 88 4E 05 88 4E 06 66 89 4E 07 0F B6 43 02 48 74 55 48 0F 85 7B DC 01 00 3B D1 74 08 66 8B 42 44 66 89 46 1C 8B 45 08 8B 40 38
Offset=0x0680FB6B SMB_CMD=0x0F Bytes=FF 53 4D 42 0F 85 DB 8D 00 00 80 7E 04 25 0F 85 D1 8D 00 00 83 FB 4E 0F 86 C8 8D 00 00 80 7E 20 11 0F 85 BE 8D 00 00 80 7E 3B 03 0F 85 B4 8D 00 00 66 83 7E 21 00 0F 85 A9 8D 00 00 66 83 7E 3D
Offset=0x0681080E SMB_CMD=0x0F Bytes=FF 53 4D 42 0F 85 5C 30 00 00 8A 47 04 3C FF 0F 84 51 30 00 00 3C 2B 0F 84 36 FE 00 00 3C 24 0F 84 CE 2E 00 00 33 D2 8D 47 1E 42 66 83 38 FF 89 45 18 0F 84 21 00 01 00 8B 4D 08 81 C1 D0 00 00
Offset=0x068446AD SMB_CMD=0xC6 Bytes=FF 53 4D 42 C6 42 09 18 66 C7 42 0A 53 C8 66 C7 42 1A FF FE C6 42 04 72 6A 62 88 06 8D 46 03 68 E8 66 02 F8 50 FF 15 A0 37 02 F8 66 C7 46 01 62 00 83 C4 0C C7 05 18 74 02 F8 00 C0 69 2A C7 05
Offset=0x0684713B SMB_CMD=0xC6 Bytes=FF 53 4D 42 C6 46 09 18 66 C7 46 0A 43 C0 66 C7 46 1A FF FE C6 46 04 2B 50 C6 46 20 01 FF 15 A0 37 02 F8 83 C4 0C 66 C7 46 21 01 00 66 C7 46 23 0C 00 5F 5E 8B C3 5B 5D C2 04 00 BB 9A 00 00 C0
Offset=0x13BD1FF0 SMB_CMD=0x75 Bytes=FF 53 4D 42 75 43 80 78 20 0C 75 3D 8D 48 39 8D 44 02 FE 3B C8 77 32 0F B7 01 83 C0 1B 83 C2 E0 3B C2 77 25 FF 75 18 FF 75 10 FF 75 1C FF 75 24 FF 75 2C FF 75 F0 53 E8 D2 0D 00 00 84 C0 0F 84
Offset=0x13BD2A38 SMB_CMD=0x8B Bytes=FF 53 4D 42 8B 53 60 8B 4B 6C 8B 52 10 56 57 89 45 FC 0F 85 E0 00 00 00 80 78 20 05 0F 85 D6 00 00 00 8D 70 2B 8D 44 02 FE 3B F0 0F 87 C7 00 00 00 0F B7 06 83 C0 0D 83 C2 E0 3B C2 0F 87 B6 00
Offset=0x13C0A8E2 SMB_CMD=0x0F Bytes=FF 53 4D 42 0F 85 4A 51 00 00 8B 4E 4C 8B 49 60 83 F9 0B 89 4D F8 0F 84 12 01 00 00 8B 46 6C 8A 10 0F B6 CA 89 4D F0 03 C9 8D 5C 01 01 8B 46 60 8B 78 10 2B 7E 74 88 55 FF 03 38 0F B6 86 84 00
Offset=0x13C0AD44 SMB_CMD=0x75 Bytes=FF 53 4D 42 75 28 8B 4D 08 8B 49 60 83 F9 0B 75 0A 80 78 04 72 75 17 3B C9 74 06 80 78 04 72 74 0D 0F B6 40 04 80 B8 70 D4 60 F7 00 75 04 32 C0 EB 02 B0 01 5D C2 10 00 90 90 90 90 90 90 90 90
Offset=0x13C43A4B SMB_CMD=0xC6 Bytes=FF 53 4D 42 C6 42 04 24 66 8B 48 58 66 83 4A 1E FF 66 83 4A 1A FF 66 89 4A 18 33 C9 C6 42 20 08 C6 42 21 FF 88 4A 22 66 89 4A 23 66 8B 78 54 66 89 7A 25 C6 42 27 02 8A 80 B5 00 00 00 88 42 28
Offset=0x1ACAD2AC SMB_CMD=0x32 Bytes=FF 53 4D 42 32 00 00 00 00 18 07 C0 00 00 00 00 00 00 00 00 00 00 00 00 5F 5F 54 52 45 45 49 44 5F 5F 50 4C 41 43 45 48 4F 4C 44 45 52 5F 5F FF FE 5F 5F 55 53 45 52 49 44 5F 5F 50 4C 41 43 45
Offset=0x1ACAD328 SMB_CMD=0x71 Bytes=FF 53 4D 42 71 00 00 00 00 18 07 C0 00 00 00 00 00 00 00 00 00 00 00 00 5F 5F 54 52 45 45 49 44 5F 5F 50 4C 41 43 45 48 4F 4C 44 45 52 5F 5F FF FE 5F 5F 55 53 45 52 49 44 5F 5F 50 4C 41 43 45
Offset=0x1ACAD37C SMB_CMD=0x74 Bytes=FF 53 4D 42 74 00 00 00 00 18 07 C0 00 00 00 00 00 00 00 00 00 00 00 00 5F 5F 54 52 45 45 49 44 5F 5F 50 4C 41 43 45 48 4F 4C 44 45 52 5F 5F FF FE 5F 5F 55 53 45 52 49 44 5F 5F 50 4C 41 43 45
Offset=0x1ACAD3D4 SMB_CMD=0x72 Bytes=FF 53 4D 42 72 00 00 00 00 18 01 28 00 00 00 00 00 00 00 00 00 00 00 00 00 00 2F 4B 00 00 C5 5E 00 31 00 02 4C 41 4E 4D 41 4E 31 2E 30 00 02 4C 4D 31 2E 32 58 30 30 32 00 02 4E 54 20 4C 41 4E
Offset=0x1ACAD430 SMB_CMD=0x73 Bytes=FF 53 4D 42 73 00 00 00 00 18 01 20 00 00 00 00 00 00 00 00 00 00 00 00 00 00 2F 4B 00 00 C5 5E 0D FF 00 00 00 DF FF 02 00 01 00 00 00 00 00 00 00 00 00 00 00 00 00 40 00 00 00 26 00 00 2E 00
Offset=0x1ACAD498 SMB_CMD=0x75 Bytes=FF 53 4D 42 75 00 00 00 00 18 01 20 00 00 00 00 00 00 00 00 00 00 00 00 00 00 2F 4B 5F 5F 55 53 45 52 49 44 5F 5F 50 4C 41 43 45 48 4F 4C 44 45 52 5F 5F C5 5E 04 FF 00 00 00 00 00 01 00 1C 00
Offset=0x1ACAD4F8 SMB_CMD=0x25 Bytes=FF 53 4D 42 25 00 00 00 00 18 01 28 00 00 00 00 00 00 00 00 00 00 00 00 00 00 00 00 00 00 00 00 10 00 00 00 00 FF FF FF FF 00 00 00 00 00 00 00 00 00 00 00 00 4A 00 00 00 4A 00 02 00 23 00 00
Offset=0x1ACAD548 SMB_CMD=0x72 Bytes=FF 53 4D 42 72 00 00 00 00 18 53 C0 00 00 00 00 00 00 00 00 00 00 00 00 00 00 FF FE 00 00 40 00 00 62 00 02 50 43 20 4E 45 54 57 4F 52 4B 20 50 52 4F 47 52 41 4D 20 31 2E 30 00 02 4C 41 4E 4D
Offset=0x1ACAD5D4 SMB_CMD=0x73 Bytes=FF 53 4D 42 73 00 00 00 00 18 07 C0 00 00 00 00 00 00 00 00 00 00 00 00 00 00 FF FE 00 00 40 00 0D FF 00 88 00 04 11 0A 00 00 00 00 00 00 00 01 00 00 00 00 00 00 00 D4 00 00 00 4B 00 00 00 00
Offset=0x1ACAD660 SMB_CMD=0x75 Bytes=FF 53 4D 42 75 00 00 00 00 18 07 C0 00 00 00 00 00 00 00 00 00 00 00 00 00 00 FF FE 00 08 40 00 04 FF 00 5C 00 08 00 01 00 31 00 00 5C 00 5C 00 31 00 39 00 32 00 2E 00 31 00 36 00 38 00 2E 00
Offset=0x1ACAD6C0 SMB_CMD=0x32 Bytes=FF 53 4D 42 32 00 00 00 00 18 07 C0 00 00 00 00 00 00 00 00 00 00 00 00 00 08 FF FE 00 08 41 00 0F 0C 00 00 00 01 00 00 00 00 00 00 00 01 34 EE 00 00 00 0C 00 42 00 00 00 4E 00 01 00 0E 00 0D
Offset=0x1ACAD714 SMB_CMD=0x32 Bytes=FF 53 4D 42 32 00 00 00 00 18 07 C0 00 00 00 00 00 00 00 00 00 00 00 00 00 08 FF FE 00 08 42 00 0F 0C 00 00 10 01 00 00 00 00 00 00 00 25 89 1A 00 00 00 0C 00 42 00 00 10 4E 00 01 00 0E 00 0D
